%YAML:1.0
---
car_y: 1.8609999418258667e+00
car_x: 8.9999997615814209e-01
left_right_to_front_distance: 5.7999998331069946e-01
viewrange: 8.
pix_dis: 9.9999997764825821e-03
lean_pix: 0
extend_off: 4
cut_off: 18
inner_rect: [ 0, 0, 0, 0 ]
intrinsic_0: !!opencv-matrix
   rows: 3
   cols: 3
   dt: d
   data: [ 3.9305186077849709e+02, 0., 6.2609257195222460e+02, 0.,
       3.9358368305481451e+02, 3.5356119017333816e+02, 0., 0., 1. ]
rvec_0: !!opencv-matrix
   rows: 3
   cols: 1
   dt: d
   data: [ -7.7448963048581476e-01, -4.5197991029951416e-02,
       1.0596021042253712e-02 ]
tvec_0: !!opencv-matrix
   rows: 3
   cols: 1
   dt: d
   data: [ -3.5765264676814253e-03, 1.0357385067623011e+00,
       -3.1643571400916576e-01 ]
intrinsic_1: !!opencv-matrix
   rows: 3
   cols: 3
   dt: d
   data: [ 3.8986572294683765e+02, 0., 6.5346515866738071e+02, 0.,
       3.8909294187260650e+02, 3.3274681199084063e+02, 0., 0., 1. ]
rvec_1: !!opencv-matrix
   rows: 3
   cols: 1
   dt: d
   data: [ -6.8160565700513287e-01, -5.9261431504288242e-01,
       -1.4743148296015149e+00 ]
tvec_1: !!opencv-matrix
   rows: 3
   cols: 1
   dt: d
   data: [ 9.9865622680391057e-03, 4.7061400302022804e-01,
       6.1523377819460456e-01 ]
intrinsic_2: !!opencv-matrix
   rows: 3
   cols: 3
   dt: d
   data: [ 3.9220270660550102e+02, 0., 6.3968419530245058e+02, 0.,
       3.9206415164999322e+02, 3.3907904217520115e+02, 0., 0., 1. ]
rvec_2: !!opencv-matrix
   rows: 3
   cols: 1
   dt: d
   data: [ -3.7875286368726162e-02, 1.0697548794907885e+00,
       2.9263923693683140e+00 ]
tvec_2: !!opencv-matrix
   rows: 3
   cols: 1
   dt: d
   data: [ 3.2887969096780482e-02, 9.8738327858078156e-01,
       -3.9187206811397385e-01 ]
intrinsic_3: !!opencv-matrix
   rows: 3
   cols: 3
   dt: d
   data: [ 3.8945179972599072e+02, 0., 6.2709906611558097e+02, 0.,
       3.8887094288667834e+02, 3.3078737894959869e+02, 0., 0., 1. ]
rvec_3: !!opencv-matrix
   rows: 3
   cols: 1
   dt: d
   data: [ -6.4777322701336293e-01, 6.7412444841851704e-01,
       1.4458844685045220e+00 ]
tvec_3: !!opencv-matrix
   rows: 3
   cols: 1
   dt: d
   data: [ 1.3851456173923227e-01, 4.9944002916541863e-01,
       2.5018796316642247e+00 ]
